"HITId","HITTypeId","Title","Description","Keywords","Reward","CreationTime","MaxAssignments","RequesterAnnotation","AssignmentDurationInSeconds","AutoApprovalDelayInSeconds","Expiration","NumberOfSimilarHITs","LifetimeInSeconds","AssignmentId","WorkerId","AssignmentStatus","AcceptTime","SubmitTime","AutoApprovalTime","ApprovalTime","RejectionTime","RequesterFeedback","WorkTimeInSeconds","LifetimeApprovalRate","Last30DaysApprovalRate","Last7DaysApprovalRate","Answer.surveycode","Approve","Reject"
"3MVY4USGB6N7QQ8ACOT7N1PHGXUIS4","36872VQHZ42V7MBLIPXPIFK08KK9MC","Answer Survey About An Article","Give us your opinion about an article","survey, demographics, article","$0.40","Sat Dec 01 15:20:07 PST 2018","100","BatchId:3456603;OriginalHitTemplateId:920937340;","1500","86400","Tue Dec 04 15:20:07 PST 2018","","","308Q0PEVB8DS8VA5TKYIUQFE2DC9IS","AGGJZYS099ER3","Approved","Sat Dec 01 15:25:09 PST 2018","Sat Dec 01 15:29:29 PST 2018","Sun Dec 02 15:29:29 PST 2018","2018-12-02 23:30:13 UTC","","","260","100% (1/1)","100% (1/1)","100% (1/1)","37433"
"3MVY4USGB6N7QQ8ACOT7N1PHGXUIS4","36872VQHZ42V7MBLIPXPIFK08KK9MC","Answer Survey About An Article","Give us your opinion about an article","survey, demographics, article","$0.40","Sat Dec 01 15:20:07 PST 2018","100","BatchId:3456603;OriginalHitTemplateId:920937340;","1500","86400","Tue Dec 04 15:20:07 PST 2018","","","308XBLVESI4OPNSLHR6NZOBVD9XRBN","A1DK3FVV13STX2","Approved","Sat Dec 01 15:23:39 PST 2018","Sat Dec 01 15:30:12 PST 2018","Sun Dec 02 15:30:12 PST 2018","2018-12-02 23:30:13 UTC","","","393","100% (1/1)","100% (1/1)","100% (1/1)","60725"
"3MVY4USGB6N7QQ8ACOT7N1PHGXUIS4","36872VQHZ42V7MBLIPXPIFK08KK9MC","Answer Survey About An Article","Give us your opinion about an article","survey, demographics, article","$0.40","Sat Dec 01 15:20:07 PST 2018","100","BatchId:3456603;OriginalHitTemplateId:920937340;","1500","86400","Tue Dec 04 15:20:07 PST 2018","","","30IQTZXKAK672WBNSAFQ4P10NMM0X7","A9OOTVU0HL5CH","Approved","Sat Dec 01 15:21:58 PST 2018","Sat Dec 01 15:23:36 PST 2018","Sun Dec 02 15:23:36 PST 2018","2018-12-02 23:24:13 UTC","","","98","100% (1/1)","100% (1/1)","100% (1/1)","57262"
"3MVY4USGB6N7QQ8ACOT7N1PHGXUIS4","36872VQHZ42V7MBLIPXPIFK08KK9MC","Answer Survey About An Article","Give us your opinion about an article","survey, demographics, article","$0.40","Sat Dec 01 15:20:07 PST 2018","100","BatchId:3456603;OriginalHitTemplateId:920937340;","1500","86400","Tue Dec 04 15:20:07 PST 2018","","","3137ONMDKG5V70VRB7E11S39EXZGEG","A1CPVTZAK27YSF","Approved","Sat Dec 01 15:20:34 PST 2018","Sat Dec 01 15:29:41 PST 2018","Sun Dec 02 15:29:41 PST 2018","2018-12-02 23:30:13 UTC","","","547","100% (2/2)","100% (2/2)","100% (2/2)","77052"
"3MVY4USGB6N7QQ8ACOT7N1PHGXUIS4","36872VQHZ42V7MBLIPXPIFK08KK9MC","Answer Survey About An Article","Give us your opinion about an article","survey, demographics, article","$0.40","Sat Dec 01 15:20:07 PST 2018","100","BatchId:3456603;OriginalHitTemplateId:920937340;","1500","86400","Tue Dec 04 15:20:07 PST 2018","","","31QNSG6A5RTV56AZ51O735UU4RI876","A2WVQU5SGS2FBU","Approved","Sat Dec 01 15:20:45 PST 2018","Sat Dec 01 15:26:35 PST 2018","Sun Dec 02 15:26:35 PST 2018","2018-12-02 23:27:13 UTC","","","350","100% (1/1)","100% (1/1)","100% (1/1)","88721"
"3MVY4USGB6N7QQ8ACOT7N1PHGXUIS4","36872VQHZ42V7MBLIPXPIFK08KK9MC","Answer Survey About An Article","Give us your opinion about an article","survey, demographics, article","$0.40","Sat Dec 01 15:20:07 PST 2018","100","BatchId:3456603;OriginalHitTemplateId:920937340;","1500","86400","Tue Dec 04 15:20:07 PST 2018","","","32SCWG5HIH4X7YVB88LQJDPOYR66PZ","A3TRHAG4OHCNHD","Approved","Sat Dec 01 16:10:13 PST 2018","Sat Dec 01 16:14:58 PST 2018","Sun Dec 02 16:14:58 PST 2018","2018-12-03 00:15:13 UTC","","","285","100% (1/1)","100% (1/1)","100% (1/1)","80491"
"3MVY4USGB6N7QQ8ACOT7N1PHGXUIS4","36872VQHZ42V7MBLIPXPIFK08KK9MC","Answer Survey About An Article","Give us your opinion about an article","survey, demographics, article","$0.40","Sat Dec 01 15:20:07 PST 2018","100","BatchId:3456603;OriginalHitTemplateId:920937340;","1500","86400","Tue Dec 04 15:20:07 PST 2018","","","32Z9ZLUT1LKVJN3RPRZFR49OXZIHOK","A6EJ7EU0KMGPL","Approved","Sat Dec 01 15:20:29 PST 2018","Sat Dec 01 15:30:45 PST 2018","Sun Dec 02 15:30:45 PST 2018","2018-12-02 23:31:13 UTC","","","616","100% (1/1)","100% (1/1)","100% (1/1)","47329"
"3MVY4USGB6N7QQ8ACOT7N1PHGXUIS4","36872VQHZ42V7MBLIPXPIFK08KK9MC","Answer Survey About An Article","Give us your opinion about an article","survey, demographics, article","$0.40","Sat Dec 01 15:20:07 PST 2018","100","BatchId:3456603;OriginalHitTemplateId:920937340;","1500","86400","Tue Dec 04 15:20:07 PST 2018","","","33FBRBDW6OZ1HN5VWIWIJRM852AC84","A1UHNDB2EQ8TK0","Approved","Sat Dec 01 15:25:42 PST 2018","Sat Dec 01 15:41:04 PST 2018","Sun Dec 02 15:41:04 PST 2018","2018-12-02 23:41:13 UTC","","","922","100% (1/1)","100% (1/1)","100% (1/1)","A1UHNDB2EQ8TK0"
"3MVY4USGB6N7QQ8ACOT7N1PHGXUIS4","36872VQHZ42V7MBLIPXPIFK08KK9MC","Answer Survey About An Article","Give us your opinion about an article","survey, demographics, article","$0.40","Sat Dec 01 15:20:07 PST 2018","100","BatchId:3456603;OriginalHitTemplateId:920937340;","1500","86400","Tue Dec 04 15:20:07 PST 2018","","","33IZTU6J811735VZ1CYAEV7JIE4SXL","A13USF28TRFLKR","Approved","Sat Dec 01 15:22:12 PST 2018","Sat Dec 01 15:27:13 PST 2018","Sun Dec 02 15:27:13 PST 2018","2018-12-02 23:28:13 UTC","","","301","100% (1/1)","100% (1/1)","100% (1/1)","97497"
"3MVY4USGB6N7QQ8ACOT7N1PHGXUIS4","36872VQHZ42V7MBLIPXPIFK08KK9MC","Answer Survey About An Article","Give us your opinion about an article","survey, demographics, article","$0.40","Sat Dec 01 15:20:07 PST 2018","100","BatchId:3456603;OriginalHitTemplateId:920937340;","1500","86400","Tue Dec 04 15:20:07 PST 2018","","","33LK57MYLT5W80VE2UMVBGNUQE2SZI","A95RHRMLHT89M","Approved","Sat Dec 01 15:22:05 PST 2018","Sat Dec 01 15:32:58 PST 2018","Sun Dec 02 15:32:58 PST 2018","2018-12-02 23:33:13 UTC","","","653","100% (1/1)","100% (1/1)","100% (1/1)","91127"
"3MVY4USGB6N7QQ8ACOT7N1PHGXUIS4","36872VQHZ42V7MBLIPXPIFK08KK9MC","Answer Survey About An Article","Give us your opinion about an article","survey, demographics, article","$0.40","Sat Dec 01 15:20:07 PST 2018","100","BatchId:3456603;OriginalHitTemplateId:920937340;","1500","86400","Tue Dec 04 15:20:07 PST 2018","","","33PPO7FECVF4BLNM503KGMY4TYQIDH","A3Q0IEOR5HISHM","Approved","Sat Dec 01 15:21:23 PST 2018","Sat Dec 01 15:23:01 PST 2018","Sun Dec 02 15:23:01 PST 2018","2018-12-02 23:23:13 UTC","","","98","100% (1/1)","100% (1/1)","100% (1/1)","59515"
"3MVY4USGB6N7QQ8ACOT7N1PHGXUIS4","36872VQHZ42V7MBLIPXPIFK08KK9MC","Answer Survey About An Article","Give us your opinion about an article","survey, demographics, article","$0.40","Sat Dec 01 15:20:07 PST 2018","100","BatchId:3456603;OriginalHitTemplateId:920937340;","1500","86400","Tue Dec 04 15:20:07 PST 2018","","","33SA9F9TRXUR4MLRQCIJNVPX8LPWEV","A1M3PLZBB92ZTP","Approved","Sat Dec 01 15:23:04 PST 2018","Sat Dec 01 15:28:32 PST 2018","Sun Dec 02 15:28:32 PST 2018","2018-12-02 23:29:13 UTC","","","328","100% (1/1)","100% (1/1)","100% (1/1)","82911"
"3MVY4USGB6N7QQ8ACOT7N1PHGXUIS4","36872VQHZ42V7MBLIPXPIFK08KK9MC","Answer Survey About An Article","Give us your opinion about an article","survey, demographics, article","$0.40","Sat Dec 01 15:20:07 PST 2018","100","BatchId:3456603;OriginalHitTemplateId:920937340;","1500","86400","Tue Dec 04 15:20:07 PST 2018","","","33UKMF9319K11OZUL223ZXIZ71UTTS","A1UB1K89ZZML0S","Approved","Sat Dec 01 15:22:56 PST 2018","Sat Dec 01 15:24:00 PST 2018","Sun Dec 02 15:24:00 PST 2018","2018-12-02 23:24:13 UTC","","","64","100% (1/1)","100% (1/1)","100% (1/1)","30806"
"3MVY4USGB6N7QQ8ACOT7N1PHGXUIS4","36872VQHZ42V7MBLIPXPIFK08KK9MC","Answer Survey About An Article","Give us your opinion about an article","survey, demographics, article","$0.40","Sat Dec 01 15:20:07 PST 2018","100","BatchId:3456603;OriginalHitTemplateId:920937340;","1500","86400","Tue Dec 04 15:20:07 PST 2018","","","34MAJL3QP4NCLMMARMV49C29X3134Q","AA4O2W236E3FW","Approved","Sat Dec 01 15:21:17 PST 2018","Sat Dec 01 15:39:05 PST 2018","Sun Dec 02 15:39:05 PST 2018","2018-12-02 23:39:13 UTC","","","1068","100% (1/1)","100% (1/1)","100% (1/1)","75206"
"3MVY4USGB6N7QQ8ACOT7N1PHGXUIS4","36872VQHZ42V7MBLIPXPIFK08KK9MC","Answer Survey About An Article","Give us your opinion about an article","survey, demographics, article","$0.40","Sat Dec 01 15:20:07 PST 2018","100","BatchId:3456603;OriginalHitTemplateId:920937340;","1500","86400","Tue Dec 04 15:20:07 PST 2018","","","34Z02EIMISD0LF23N0ETFMGUAQY0TO","A1C8FN01981A69","Approved","Sat Dec 01 15:21:41 PST 2018","Sat Dec 01 15:25:18 PST 2018","Sun Dec 02 15:25:18 PST 2018","2018-12-02 23:26:13 UTC","","","217","100% (1/1)","100% (1/1)","100% (1/1)","10950"
"3MVY4USGB6N7QQ8ACOT7N1PHGXUIS4","36872VQHZ42V7MBLIPXPIFK08KK9MC","Answer Survey About An Article","Give us your opinion about an article","survey, demographics, article","$0.40","Sat Dec 01 15:20:07 PST 2018","100","BatchId:3456603;OriginalHitTemplateId:920937340;","1500","86400","Tue Dec 04 15:20:07 PST 2018","","","35H6S234SA0TEODSOTCCL7K77QY654","A31PCN2LP7DP8I","Approved","Sat Dec 01 15:23:39 PST 2018","Sat Dec 01 15:32:24 PST 2018","Sun Dec 02 15:32:24 PST 2018","2018-12-02 23:33:13 UTC","","","525","100% (1/1)","100% (1/1)","100% (1/1)","44514"
"3MVY4USGB6N7QQ8ACOT7N1PHGXUIS4","36872VQHZ42V7MBLIPXPIFK08KK9MC","Answer Survey About An Article","Give us your opinion about an article","survey, demographics, article","$0.40","Sat Dec 01 15:20:07 PST 2018","100","BatchId:3456603;OriginalHitTemplateId:920937340;","1500","86400","Tue Dec 04 15:20:07 PST 2018","","","35K3O9HUABDPT0ZW0N8JJ73XDJ7FEQ","A2WB86F5AGITCF","Approved","Sat Dec 01 16:11:16 PST 2018","Sat Dec 01 16:19:02 PST 2018","Sun Dec 02 16:19:02 PST 2018","2018-12-03 00:19:13 UTC","","","466","100% (1/1)","100% (1/1)","100% (1/1)","91942"
"3MVY4USGB6N7QQ8ACOT7N1PHGXUIS4","36872VQHZ42V7MBLIPXPIFK08KK9MC","Answer Survey About An Article","Give us your opinion about an article","survey, demographics, article","$0.40","Sat Dec 01 15:20:07 PST 2018","100","BatchId:3456603;OriginalHitTemplateId:920937340;","1500","86400","Tue Dec 04 15:20:07 PST 2018","","","35LDD5557A4YLAJNIWNZCS0BUG7KMC","A3F51C49T9A34D","Approved","Sat Dec 01 15:20:48 PST 2018","Sat Dec 01 15:40:17 PST 2018","Sun Dec 02 15:40:17 PST 2018","2018-12-02 23:41:13 UTC","","","1169","100% (1/1)","100% (1/1)","100% (1/1)","64427"
"3MVY4USGB6N7QQ8ACOT7N1PHGXUIS4","36872VQHZ42V7MBLIPXPIFK08KK9MC","Answer Survey About An Article","Give us your opinion about an article","survey, demographics, article","$0.40","Sat Dec 01 15:20:07 PST 2018","100","BatchId:3456603;OriginalHitTemplateId:920937340;","1500","86400","Tue Dec 04 15:20:07 PST 2018","","","35USIKEBNRGX4DJYST8YFOKTYBY6NU","A2KXUQP1HERQVA","Approved","Sat Dec 01 15:24:25 PST 2018","Sat Dec 01 15:28:03 PST 2018","Sun Dec 02 15:28:03 PST 2018","2018-12-02 23:28:13 UTC","","","218","100% (1/1)","100% (1/1)","100% (1/1)","82506"
"3MVY4USGB6N7QQ8ACOT7N1PHGXUIS4","36872VQHZ42V7MBLIPXPIFK08KK9MC","Answer Survey About An Article","Give us your opinion about an article","survey, demographics, article","$0.40","Sat Dec 01 15:20:07 PST 2018","100","BatchId:3456603;OriginalHitTemplateId:920937340;","1500","86400","Tue Dec 04 15:20:07 PST 2018","","","36H9ULYP62UX4GLOEOJAGNGPIQVJF5","A3V8FN8YW3YHAV","Approved","Sat Dec 01 15:23:34 PST 2018","Sat Dec 01 15:26:54 PST 2018","Sun Dec 02 15:26:54 PST 2018","2018-12-02 23:27:13 UTC","","","200","100% (1/1)","100% (1/1)","100% (1/1)","30690"
"3MVY4USGB6N7QQ8ACOT7N1PHGXUIS4","36872VQHZ42V7MBLIPXPIFK08KK9MC","Answer Survey About An Article","Give us your opinion about an article","survey, demographics, article","$0.40","Sat Dec 01 15:20:07 PST 2018","100","BatchId:3456603;OriginalHitTemplateId:920937340;","1500","86400","Tue Dec 04 15:20:07 PST 2018","","","36W0OB37HWE7IRHYR0AW72GSH3LZH4","A3JEM05G181BNU","Approved","Sat Dec 01 15:23:57 PST 2018","Sat Dec 01 15:25:45 PST 2018","Sun Dec 02 15:25:45 PST 2018","2018-12-02 23:26:13 UTC","","","108","100% (1/1)","100% (1/1)","100% (1/1)","13901"
"3MVY4USGB6N7QQ8ACOT7N1PHGXUIS4","36872VQHZ42V7MBLIPXPIFK08KK9MC","Answer Survey About An Article","Give us your opinion about an article","survey, demographics, article","$0.40","Sat Dec 01 15:20:07 PST 2018","100","BatchId:3456603;OriginalHitTemplateId:920937340;","1500","86400","Tue Dec 04 15:20:07 PST 2018","","","37TRT2X24QR7RZ989MXEXXP43S4BJG","A4IUVFS10MYX1","Approved","Sat Dec 01 15:24:15 PST 2018","Sat Dec 01 15:30:14 PST 2018","Sun Dec 02 15:30:14 PST 2018","2018-12-02 23:31:13 UTC","","","359","100% (1/1)","100% (1/1)","100% (1/1)","77907"
"3MVY4USGB6N7QQ8ACOT7N1PHGXUIS4","36872VQHZ42V7MBLIPXPIFK08KK9MC","Answer Survey About An Article","Give us your opinion about an article","survey, demographics, article","$0.40","Sat Dec 01 15:20:07 PST 2018","100","BatchId:3456603;OriginalHitTemplateId:920937340;","1500","86400","Tue Dec 04 15:20:07 PST 2018","","","39GAF6DQWR0F5WRAOEI8U9NPC3JV11","AZBY9DS8VTPUK","Approved","Sat Dec 01 15:20:54 PST 2018","Sat Dec 01 15:24:54 PST 2018","Sun Dec 02 15:24:54 PST 2018","2018-12-02 23:25:13 UTC","","","240","100% (1/1)","100% (1/1)","100% (1/1)","22310"
"3MVY4USGB6N7QQ8ACOT7N1PHGXUIS4","36872VQHZ42V7MBLIPXPIFK08KK9MC","Answer Survey About An Article","Give us your opinion about an article","survey, demographics, article","$0.40","Sat Dec 01 15:20:07 PST 2018","100","BatchId:3456603;OriginalHitTemplateId:920937340;","1500","86400","Tue Dec 04 15:20:07 PST 2018","","","39KFRKBFINVH5ITGZR33D44RNVVOYQ","A3MTZ2LRJWZRLD","Approved","Sat Dec 01 15:22:49 PST 2018","Sat Dec 01 15:27:49 PST 2018","Sun Dec 02 15:27:49 PST 2018","2018-12-02 23:28:13 UTC","","","300","100% (1/1)","100% (1/1)","100% (1/1)","19827"
"3MVY4USGB6N7QQ8ACOT7N1PHGXUIS4","36872VQHZ42V7MBLIPXPIFK08KK9MC","Answer Survey About An Article","Give us your opinion about an article","survey, demographics, article","$0.40","Sat Dec 01 15:20:07 PST 2018","100","BatchId:3456603;OriginalHitTemplateId:920937340;","1500","86400","Tue Dec 04 15:20:07 PST 2018","","","39U1BHVTDLRW27106NWCHKE1D2I3TM","A28IFWT5CR33RZ","Approved","Sat Dec 01 15:22:40 PST 2018","Sat Dec 01 15:24:34 PST 2018","Sun Dec 02 15:24:34 PST 2018","2018-12-02 23:25:13 UTC","","","114","100% (1/1)","100% (1/1)","100% (1/1)","14240"
"3MVY4USGB6N7QQ8ACOT7N1PHGXUIS4","36872VQHZ42V7MBLIPXPIFK08KK9MC","Answer Survey About An Article","Give us your opinion about an article","survey, demographics, article","$0.40","Sat Dec 01 15:20:07 PST 2018","100","BatchId:3456603;OriginalHitTemplateId:920937340;","1500","86400","Tue Dec 04 15:20:07 PST 2018","","","3AAPLD8UCCHBWF8ZL8LELEFBW7ZHT6","AFU00NU09CFXE","Approved","Sat Dec 01 15:20:35 PST 2018","Sat Dec 01 15:29:25 PST 2018","Sun Dec 02 15:29:25 PST 2018","2018-12-02 23:30:13 UTC","","","530","100% (1/1)","100% (1/1)","100% (1/1)","46933"
"3MVY4USGB6N7QQ8ACOT7N1PHGXUIS4","36872VQHZ42V7MBLIPXPIFK08KK9MC","Answer Survey About An Article","Give us your opinion about an article","survey, demographics, article","$0.40","Sat Dec 01 15:20:07 PST 2018","100","BatchId:3456603;OriginalHitTemplateId:920937340;","1500","86400","Tue Dec 04 15:20:07 PST 2018","","","3AAPLD8UCCHBWF8ZL8LELEFBW7ZTHI","A20MOTHAE8JNVU","Approved","Sat Dec 01 15:22:31 PST 2018","Sat Dec 01 15:26:08 PST 2018","Sun Dec 02 15:26:08 PST 2018","2018-12-02 23:26:13 UTC","","","217","100% (1/1)","100% (1/1)","100% (1/1)","21275"
"3MVY4USGB6N7QQ8ACOT7N1PHGXUIS4","36872VQHZ42V7MBLIPXPIFK08KK9MC","Answer Survey About An Article","Give us your opinion about an article","survey, demographics, article","$0.40","Sat Dec 01 15:20:07 PST 2018","100","BatchId:3456603;OriginalHitTemplateId:920937340;","1500","86400","Tue Dec 04 15:20:07 PST 2018","","","3AMW0RGHOD25EJ137P77LOBATGNNPG","A1MO420RJUIT6B","Approved","Sat Dec 01 15:21:15 PST 2018","Sat Dec 01 15:30:07 PST 2018","Sun Dec 02 15:30:07 PST 2018","2018-12-02 23:30:13 UTC","","","532","100% (1/1)","100% (1/1)","100% (1/1)","91319"
"3MVY4USGB6N7QQ8ACOT7N1PHGXUIS4","36872VQHZ42V7MBLIPXPIFK08KK9MC","Answer Survey About An Article","Give us your opinion about an article","survey, demographics, article","$0.40","Sat Dec 01 15:20:07 PST 2018","100","BatchId:3456603;OriginalHitTemplateId:920937340;","1500","86400","Tue Dec 04 15:20:07 PST 2018","","","3ATTHHXXWAOI9RS3W04WAT1W9G2XIY","ABAANN3T4G8A6","Approved","Sat Dec 01 15:20:45 PST 2018","Sat Dec 01 15:22:17 PST 2018","Sun Dec 02 15:22:17 PST 2018","2018-12-02 23:23:13 UTC","","","92","100% (1/1)","100% (1/1)","100% (1/1)","96690"
"3MVY4USGB6N7QQ8ACOT7N1PHGXUIS4","36872VQHZ42V7MBLIPXPIFK08KK9MC","Answer Survey About An Article","Give us your opinion about an article","survey, demographics, article","$0.40","Sat Dec 01 15:20:07 PST 2018","100","BatchId:3456603;OriginalHitTemplateId:920937340;","1500","86400","Tue Dec 04 15:20:07 PST 2018","","","3C2NJ6JBKAH9MC0X5RWVPB3HI6VN2T","A2TT212JCWE13M","Approved","Sat Dec 01 15:45:56 PST 2018","Sat Dec 01 15:48:01 PST 2018","Sun Dec 02 15:48:01 PST 2018","2018-12-02 23:48:13 UTC","","","125","100% (1/1)","100% (1/1)","100% (1/1)","83667"
"3MVY4USGB6N7QQ8ACOT7N1PHGXUIS4","36872VQHZ42V7MBLIPXPIFK08KK9MC","Answer Survey About An Article","Give us your opinion about an article","survey, demographics, article","$0.40","Sat Dec 01 15:20:07 PST 2018","100","BatchId:3456603;OriginalHitTemplateId:920937340;","1500","86400","Tue Dec 04 15:20:07 PST 2018","","","3CFJTT4SXTQOUCMCEN0YGUO87NRI7S","A2X977GVQ6L90X","Approved","Sat Dec 01 16:09:51 PST 2018","Sat Dec 01 16:25:58 PST 2018","Sun Dec 02 16:25:58 PST 2018","2018-12-03 00:26:13 UTC","","","967","100% (1/1)","100% (1/1)","100% (1/1)","55941"
"3MVY4USGB6N7QQ8ACOT7N1PHGXUIS4","36872VQHZ42V7MBLIPXPIFK08KK9MC","Answer Survey About An Article","Give us your opinion about an article","survey, demographics, article","$0.40","Sat Dec 01 15:20:07 PST 2018","100","BatchId:3456603;OriginalHitTemplateId:920937340;","1500","86400","Tue Dec 04 15:20:07 PST 2018","","","3DBQWDE4Y6Y1L9JKNAYTNI6T2GQ5NG","A25R2OI9L2Q1OW","Approved","Sat Dec 01 15:47:48 PST 2018","Sat Dec 01 15:59:34 PST 2018","Sun Dec 02 15:59:34 PST 2018","2018-12-03 00:00:13 UTC","","","706","100% (1/1)","100% (1/1)","100% (1/1)","23837"
"3MVY4USGB6N7QQ8ACOT7N1PHGXUIS4","36872VQHZ42V7MBLIPXPIFK08KK9MC","Answer Survey About An Article","Give us your opinion about an article","survey, demographics, article","$0.40","Sat Dec 01 15:20:07 PST 2018","100","BatchId:3456603;OriginalHitTemplateId:920937340;","1500","86400","Tue Dec 04 15:20:07 PST 2018","","","3E1QT0TDFP9SUQRVOSS4UUK3I7TI8B","A15YQ16LWND6LY","Approved","Sat Dec 01 15:21:09 PST 2018","Sat Dec 01 15:31:01 PST 2018","Sun Dec 02 15:31:01 PST 2018","2018-12-02 23:31:13 UTC","","","592","100% (1/1)","100% (1/1)","100% (1/1)","48396"
"3MVY4USGB6N7QQ8ACOT7N1PHGXUIS4","36872VQHZ42V7MBLIPXPIFK08KK9MC","Answer Survey About An Article","Give us your opinion about an article","survey, demographics, article","$0.40","Sat Dec 01 15:20:07 PST 2018","100","BatchId:3456603;OriginalHitTemplateId:920937340;","1500","86400","Tue Dec 04 15:20:07 PST 2018","","","3EF8EXOTT1V6E1RG7P4PRLCVHGCJ14","AUTPOV0397HDU","Approved","Sat Dec 01 15:22:48 PST 2018","Sat Dec 01 15:28:16 PST 2018","Sun Dec 02 15:28:16 PST 2018","2018-12-02 23:29:13 UTC","","","328","100% (1/1)","100% (1/1)","100% (1/1)","53601"
"3MVY4USGB6N7QQ8ACOT7N1PHGXUIS4","36872VQHZ42V7MBLIPXPIFK08KK9MC","Answer Survey About An Article","Give us your opinion about an article","survey, demographics, article","$0.40","Sat Dec 01 15:20:07 PST 2018","100","BatchId:3456603;OriginalHitTemplateId:920937340;","1500","86400","Tue Dec 04 15:20:07 PST 2018","","","3EFE17QCRC5AHFVKW8GOB9JPUOQSHX","A332S5HG3XL6TE","Approved","Sat Dec 01 15:55:34 PST 2018","Sat Dec 01 15:59:03 PST 2018","Sun Dec 02 15:59:03 PST 2018","2018-12-02 23:59:13 UTC","","","209","100% (1/1)","100% (1/1)","100% (1/1)","55038"
"3MVY4USGB6N7QQ8ACOT7N1PHGXUIS4","36872VQHZ42V7MBLIPXPIFK08KK9MC","Answer Survey About An Article","Give us your opinion about an article","survey, demographics, article","$0.40","Sat Dec 01 15:20:07 PST 2018","100","BatchId:3456603;OriginalHitTemplateId:920937340;","1500","86400","Tue Dec 04 15:20:07 PST 2018","","","3ERET4BTVM9JEQ0TTNJU76URUH0K9D","A36JTIZPOO2HO5","Approved","Sat Dec 01 15:20:24 PST 2018","Sat Dec 01 15:23:33 PST 2018","Sun Dec 02 15:23:33 PST 2018","2018-12-02 23:24:13 UTC","","","189","100% (1/1)","100% (1/1)","100% (1/1)","98617"
"3MVY4USGB6N7QQ8ACOT7N1PHGXUIS4","36872VQHZ42V7MBLIPXPIFK08KK9MC","Answer Survey About An Article","Give us your opinion about an article","survey, demographics, article","$0.40","Sat Dec 01 15:20:07 PST 2018","100","BatchId:3456603;OriginalHitTemplateId:920937340;","1500","86400","Tue Dec 04 15:20:07 PST 2018","","","3EWIJTFFVO7YWWK6X5PYG0GT7GB0EY","A3P9P781OE0KJW","Approved","Sat Dec 01 15:21:08 PST 2018","Sat Dec 01 15:32:41 PST 2018","Sun Dec 02 15:32:41 PST 2018","2018-12-02 23:33:13 UTC","","","693","100% (1/1)","100% (1/1)","100% (1/1)","55074"
"3MVY4USGB6N7QQ8ACOT7N1PHGXUIS4","36872VQHZ42V7MBLIPXPIFK08KK9MC","Answer Survey About An Article","Give us your opinion about an article","survey, demographics, article","$0.40","Sat Dec 01 15:20:07 PST 2018","100","BatchId:3456603;OriginalHitTemplateId:920937340;","1500","86400","Tue Dec 04 15:20:07 PST 2018","","","3FPRZHYEPY7BFZ5PBIWRI22MANXV3T","ABJEQJY0SSXX6","Approved","Sat Dec 01 15:20:56 PST 2018","Sat Dec 01 15:28:50 PST 2018","Sun Dec 02 15:28:50 PST 2018","2018-12-02 23:29:13 UTC","","","474","100% (1/1)","100% (1/1)","100% (1/1)","14780"
"3MVY4USGB6N7QQ8ACOT7N1PHGXUIS4","36872VQHZ42V7MBLIPXPIFK08KK9MC","Answer Survey About An Article","Give us your opinion about an article","survey, demographics, article","$0.40","Sat Dec 01 15:20:07 PST 2018","100","BatchId:3456603;OriginalHitTemplateId:920937340;","1500","86400","Tue Dec 04 15:20:07 PST 2018","","","3FQ5JJ512LO43S4NUX2ZP7PBZ6HNKF","A1IO30MPZ8WEYN","Approved","Sat Dec 01 15:20:58 PST 2018","Sat Dec 01 15:30:47 PST 2018","Sun Dec 02 15:30:47 PST 2018","2018-12-02 23:31:13 UTC","","","589","100% (1/1)","100% (1/1)","100% (1/1)","82419"
"3MVY4USGB6N7QQ8ACOT7N1PHGXUIS4","36872VQHZ42V7MBLIPXPIFK08KK9MC","Answer Survey About An Article","Give us your opinion about an article","survey, demographics, article","$0.40","Sat Dec 01 15:20:07 PST 2018","100","BatchId:3456603;OriginalHitTemplateId:920937340;","1500","86400","Tue Dec 04 15:20:07 PST 2018","","","3FUI0JHJPXYR3Q36R8QLZ7A3J35335","A2JBJ6XZV2Q75G","Approved","Sat Dec 01 15:21:09 PST 2018","Sat Dec 01 15:23:19 PST 2018","Sun Dec 02 15:23:19 PST 2018","2018-12-02 23:24:13 UTC","","","130","100% (1/1)","100% (1/1)","100% (1/1)","84345"
"3MVY4USGB6N7QQ8ACOT7N1PHGXUIS4","36872VQHZ42V7MBLIPXPIFK08KK9MC","Answer Survey About An Article","Give us your opinion about an article","survey, demographics, article","$0.40","Sat Dec 01 15:20:07 PST 2018","100","BatchId:3456603;OriginalHitTemplateId:920937340;","1500","86400","Tue Dec 04 15:20:07 PST 2018","","","3GDTJDAPVUBEQ9HM97QWMNRKZGDM8V","A3DFBZOOWRTQ5M","Approved","Sat Dec 01 15:23:26 PST 2018","Sat Dec 01 15:28:25 PST 2018","Sun Dec 02 15:28:25 PST 2018","2018-12-02 23:29:13 UTC","","","299","100% (1/1)","100% (1/1)","100% (1/1)","57281"
"3MVY4USGB6N7QQ8ACOT7N1PHGXUIS4","36872VQHZ42V7MBLIPXPIFK08KK9MC","Answer Survey About An Article","Give us your opinion about an article","survey, demographics, article","$0.40","Sat Dec 01 15:20:07 PST 2018","100","BatchId:3456603;OriginalHitTemplateId:920937340;","1500","86400","Tue Dec 04 15:20:07 PST 2018","","","3GFK2QRXX9HR83SYFBPGJ1JKVSUW5Y","AON59V5VZU2AK","Approved","Sat Dec 01 15:50:20 PST 2018","Sat Dec 01 15:55:22 PST 2018","Sun Dec 02 15:55:22 PST 2018","2018-12-02 23:56:13 UTC","","","302","100% (1/1)","100% (1/1)","100% (1/1)","38972"
"3MVY4USGB6N7QQ8ACOT7N1PHGXUIS4","36872VQHZ42V7MBLIPXPIFK08KK9MC","Answer Survey About An Article","Give us your opinion about an article","survey, demographics, article","$0.40","Sat Dec 01 15:20:07 PST 2018","100","BatchId:3456603;OriginalHitTemplateId:920937340;","1500","86400","Tue Dec 04 15:20:07 PST 2018","","","3GM6G9ZBKNXXOT9AC51RDJN7DTYTMR","A1YUK67SL5TWT0","Approved","Sat Dec 01 15:22:38 PST 2018","Sat Dec 01 15:29:04 PST 2018","Sun Dec 02 15:29:04 PST 2018","2018-12-02 23:29:13 UTC","","","386","100% (1/1)","100% (1/1)","100% (1/1)","28617"
"3MVY4USGB6N7QQ8ACOT7N1PHGXUIS4","36872VQHZ42V7MBLIPXPIFK08KK9MC","Answer Survey About An Article","Give us your opinion about an article","survey, demographics, article","$0.40","Sat Dec 01 15:20:07 PST 2018","100","BatchId:3456603;OriginalHitTemplateId:920937340;","1500","86400","Tue Dec 04 15:20:07 PST 2018","","","3GNCZX450INYU07EYL22ZIRAU9OPAY","AM59KUDDHDH5","Approved","Sat Dec 01 15:20:35 PST 2018","Sat Dec 01 15:22:15 PST 2018","Sun Dec 02 15:22:15 PST 2018","2018-12-02 23:23:13 UTC","","","100","100% (1/1)","100% (1/1)","100% (1/1)","66611"
"3MVY4USGB6N7QQ8ACOT7N1PHGXUIS4","36872VQHZ42V7MBLIPXPIFK08KK9MC","Answer Survey About An Article","Give us your opinion about an article","survey, demographics, article","$0.40","Sat Dec 01 15:20:07 PST 2018","100","BatchId:3456603;OriginalHitTemplateId:920937340;","1500","86400","Tue Dec 04 15:20:07 PST 2018","","","3H8DHMCCW9BVHGDA53OWT2DHL2FKDU","A2A6FH0F7LD9ND","Approved","Sat Dec 01 15:20:30 PST 2018","Sat Dec 01 15:34:32 PST 2018","Sun Dec 02 15:34:32 PST 2018","2018-12-02 23:35:13 UTC","","","842","100% (1/1)","100% (1/1)","100% (1/1)","29965"
"3MVY4USGB6N7QQ8ACOT7N1PHGXUIS4","36872VQHZ42V7MBLIPXPIFK08KK9MC","Answer Survey About An Article","Give us your opinion about an article","survey, demographics, article","$0.40","Sat Dec 01 15:20:07 PST 2018","100","BatchId:3456603;OriginalHitTemplateId:920937340;","1500","86400","Tue Dec 04 15:20:07 PST 2018","","","3IAEQB9FMEKMCG7RUH7ZHD7C89ODWJ","A1B14CS9DW7008","Approved","Sat Dec 01 15:20:35 PST 2018","Sat Dec 01 15:24:10 PST 2018","Sun Dec 02 15:24:10 PST 2018","2018-12-02 23:24:13 UTC","","","215","100% (1/1)","100% (1/1)","100% (1/1)","26232"
"3MVY4USGB6N7QQ8ACOT7N1PHGXUIS4","36872VQHZ42V7MBLIPXPIFK08KK9MC","Answer Survey About An Article","Give us your opinion about an article","survey, demographics, article","$0.40","Sat Dec 01 15:20:07 PST 2018","100","BatchId:3456603;OriginalHitTemplateId:920937340;","1500","86400","Tue Dec 04 15:20:07 PST 2018","","","3II4UPYCOJ7HSJB5I88TPOPQK87QDS","A7JTFA3KVUO6E","Approved","Sat Dec 01 15:21:57 PST 2018","Sat Dec 01 15:28:51 PST 2018","Sun Dec 02 15:28:51 PST 2018","2018-12-02 23:29:13 UTC","","","414","100% (1/1)","100% (1/1)","100% (1/1)","86870"
"3MVY4USGB6N7QQ8ACOT7N1PHGXUIS4","36872VQHZ42V7MBLIPXPIFK08KK9MC","Answer Survey About An Article","Give us your opinion about an article","survey, demographics, article","$0.40","Sat Dec 01 15:20:07 PST 2018","100","BatchId:3456603;OriginalHitTemplateId:920937340;","1500","86400","Tue Dec 04 15:20:07 PST 2018","","","3J4Q2Z4UTY3G1PBWZ3DJHCEBRODWQ7","A1AZ60T11YVT51","Approved","Sat Dec 01 15:23:09 PST 2018","Sat Dec 01 15:28:03 PST 2018","Sun Dec 02 15:28:03 PST 2018","2018-12-02 23:28:13 UTC","","","294","100% (1/1)","100% (1/1)","100% (1/1)","72318"
"3MVY4USGB6N7QQ8ACOT7N1PHGXUIS4","36872VQHZ42V7MBLIPXPIFK08KK9MC","Answer Survey About An Article","Give us your opinion about an article","survey, demographics, article","$0.40","Sat Dec 01 15:20:07 PST 2018","100","BatchId:3456603;OriginalHitTemplateId:920937340;","1500","86400","Tue Dec 04 15:20:07 PST 2018","","","3K4J6M3CXETSHNEFV2CF59DITI1GAL","A399GYOD60WD7M","Approved","Sat Dec 01 15:21:44 PST 2018","Sat Dec 01 15:23:25 PST 2018","Sun Dec 02 15:23:25 PST 2018","2018-12-02 23:24:13 UTC","","","101","100% (1/1)","100% (1/1)","100% (1/1)","20847"
"3MVY4USGB6N7QQ8ACOT7N1PHGXUIS4","36872VQHZ42V7MBLIPXPIFK08KK9MC","Answer Survey About An Article","Give us your opinion about an article","survey, demographics, article","$0.40","Sat Dec 01 15:20:07 PST 2018","100","BatchId:3456603;OriginalHitTemplateId:920937340;","1500","86400","Tue Dec 04 15:20:07 PST 2018","","","3K9FOBBF2HJFNYM5FXE0472QO6MLNG","A2V8EQSYETQ4GG","Approved","Sat Dec 01 15:22:24 PST 2018","Sat Dec 01 15:26:09 PST 2018","Sun Dec 02 15:26:09 PST 2018","2018-12-02 23:26:13 UTC","","","225","100% (1/1)","100% (1/1)","100% (1/1)","39570"
"3MVY4USGB6N7QQ8ACOT7N1PHGXUIS4","36872VQHZ42V7MBLIPXPIFK08KK9MC","Answer Survey About An Article","Give us your opinion about an article","survey, demographics, article","$0.40","Sat Dec 01 15:20:07 PST 2018","100","BatchId:3456603;OriginalHitTemplateId:920937340;","1500","86400","Tue Dec 04 15:20:07 PST 2018","","","3KMS4QQVK2QSF0R6W9JMH2G2XFVKF5","A1ON7063MX4B6","Approved","Sat Dec 01 15:20:34 PST 2018","Sat Dec 01 15:23:14 PST 2018","Sun Dec 02 15:23:14 PST 2018","2018-12-02 23:24:13 UTC","","","160","100% (1/1)","100% (1/1)","100% (1/1)","50608"
"3MVY4USGB6N7QQ8ACOT7N1PHGXUIS4","36872VQHZ42V7MBLIPXPIFK08KK9MC","Answer Survey About An Article","Give us your opinion about an article","survey, demographics, article","$0.40","Sat Dec 01 15:20:07 PST 2018","100","BatchId:3456603;OriginalHitTemplateId:920937340;","1500","86400","Tue Dec 04 15:20:07 PST 2018","","","3KOPY89HM822O45VUTI8FERSF0QJ3W","A17Y8Z3QQIF9J4","Approved","Sat Dec 01 15:22:30 PST 2018","Sat Dec 01 15:40:00 PST 2018","Sun Dec 02 15:40:00 PST 2018","2018-12-02 23:40:13 UTC","","","1050","100% (1/1)","100% (1/1)","100% (1/1)","52604"
"3MVY4USGB6N7QQ8ACOT7N1PHGXUIS4","36872VQHZ42V7MBLIPXPIFK08KK9MC","Answer Survey About An Article","Give us your opinion about an article","survey, demographics, article","$0.40","Sat Dec 01 15:20:07 PST 2018","100","BatchId:3456603;OriginalHitTemplateId:920937340;","1500","86400","Tue Dec 04 15:20:07 PST 2018","","","3KYQYYSHYV7E77YP3VGP0JUQ57PDO7","A20Z5O57UDPFLX","Approved","Sat Dec 01 15:20:22 PST 2018","Sat Dec 01 15:36:00 PST 2018","Sun Dec 02 15:36:00 PST 2018","2018-12-02 23:36:13 UTC","","","938","100% (1/1)","100% (1/1)","100% (1/1)","92050"
"3MVY4USGB6N7QQ8ACOT7N1PHGXUIS4","36872VQHZ42V7MBLIPXPIFK08KK9MC","Answer Survey About An Article","Give us your opinion about an article","survey, demographics, article","$0.40","Sat Dec 01 15:20:07 PST 2018","100","BatchId:3456603;OriginalHitTemplateId:920937340;","1500","86400","Tue Dec 04 15:20:07 PST 2018","","","3L0KT67Y8EGW3AL968KCX9ESKKYYSX","A1CFVGDVMOE7M7","Approved","Sat Dec 01 15:23:16 PST 2018","Sat Dec 01 15:24:48 PST 2018","Sun Dec 02 15:24:48 PST 2018","2018-12-02 23:25:13 UTC","","","92","100% (1/1)","100% (1/1)","100% (1/1)","31350"
"3MVY4USGB6N7QQ8ACOT7N1PHGXUIS4","36872VQHZ42V7MBLIPXPIFK08KK9MC","Answer Survey About An Article","Give us your opinion about an article","survey, demographics, article","$0.40","Sat Dec 01 15:20:07 PST 2018","100","BatchId:3456603;OriginalHitTemplateId:920937340;","1500","86400","Tue Dec 04 15:20:07 PST 2018","","","3LJ7UR74RHDJPQFK95FJIQ0F2KRN4P","A1DUPOUC9RNU4L","Approved","Sat Dec 01 15:20:29 PST 2018","Sat Dec 01 15:25:18 PST 2018","Sun Dec 02 15:25:18 PST 2018","2018-12-02 23:26:13 UTC","","","289","100% (1/1)","100% (1/1)","100% (1/1)","83795"
"3MVY4USGB6N7QQ8ACOT7N1PHGXUIS4","36872VQHZ42V7MBLIPXPIFK08KK9MC","Answer Survey About An Article","Give us your opinion about an article","survey, demographics, article","$0.40","Sat Dec 01 15:20:07 PST 2018","100","BatchId:3456603;OriginalHitTemplateId:920937340;","1500","86400","Tue Dec 04 15:20:07 PST 2018","","","3LKC68YZ3A3DGDYGKQLFS7JBCNVOWR","AO6X3N8DVQYCZ","Approved","Sat Dec 01 15:22:48 PST 2018","Sat Dec 01 15:25:58 PST 2018","Sun Dec 02 15:25:58 PST 2018","2018-12-02 23:26:13 UTC","","","190","100% (1/1)","100% (1/1)","100% (1/1)","57431"
"3MVY4USGB6N7QQ8ACOT7N1PHGXUIS4","36872VQHZ42V7MBLIPXPIFK08KK9MC","Answer Survey About An Article","Give us your opinion about an article","survey, demographics, article","$0.40","Sat Dec 01 15:20:07 PST 2018","100","BatchId:3456603;OriginalHitTemplateId:920937340;","1500","86400","Tue Dec 04 15:20:07 PST 2018","","","3LYA37P8IQN22JFQR7XQYCPHIH3KBN","A30VLAIIJIG5IS","Approved","Sat Dec 01 15:20:27 PST 2018","Sat Dec 01 15:28:18 PST 2018","Sun Dec 02 15:28:18 PST 2018","2018-12-02 23:29:13 UTC","","","471","100% (1/1)","100% (1/1)","100% (1/1)","94138"
"3MVY4USGB6N7QQ8ACOT7N1PHGXUIS4","36872VQHZ42V7MBLIPXPIFK08KK9MC","Answer Survey About An Article","Give us your opinion about an article","survey, demographics, article","$0.40","Sat Dec 01 15:20:07 PST 2018","100","BatchId:3456603;OriginalHitTemplateId:920937340;","1500","86400","Tue Dec 04 15:20:07 PST 2018","","","3MAOD8E57QAANS3UTGHOF1XDVFWXNE","A15283HTB92PSS","Approved","Sat Dec 01 15:20:47 PST 2018","Sat Dec 01 15:26:57 PST 2018","Sun Dec 02 15:26:57 PST 2018","2018-12-02 23:27:13 UTC","","","370","100% (1/1)","100% (1/1)","100% (1/1)","99622"
"3MVY4USGB6N7QQ8ACOT7N1PHGXUIS4","36872VQHZ42V7MBLIPXPIFK08KK9MC","Answer Survey About An Article","Give us your opinion about an article","survey, demographics, article","$0.40","Sat Dec 01 15:20:07 PST 2018","100","BatchId:3456603;OriginalHitTemplateId:920937340;","1500","86400","Tue Dec 04 15:20:07 PST 2018","","","3N2BF7Y2VQU7JKIFCBK2Z0KJ2Z7MHE","A3HU10GAQWA5BG","Approved","Sat Dec 01 15:50:24 PST 2018","Sat Dec 01 15:58:30 PST 2018","Sun Dec 02 15:58:30 PST 2018","2018-12-02 23:59:13 UTC","","","486","100% (1/1)","100% (1/1)","100% (1/1)","53883"
"3MVY4USGB6N7QQ8ACOT7N1PHGXUIS4","36872VQHZ42V7MBLIPXPIFK08KK9MC","Answer Survey About An Article","Give us your opinion about an article","survey, demographics, article","$0.40","Sat Dec 01 15:20:07 PST 2018","100","BatchId:3456603;OriginalHitTemplateId:920937340;","1500","86400","Tue Dec 04 15:20:07 PST 2018","","","3NOKK93PR18XNMZ05COD1PIX1HPEE2","A1GVGOWYO5DLZO","Approved","Sat Dec 01 15:57:52 PST 2018","Sat Dec 01 16:00:02 PST 2018","Sun Dec 02 16:00:02 PST 2018","2018-12-03 00:00:13 UTC","","","130","100% (1/1)","100% (1/1)","100% (1/1)","64090"
"3MVY4USGB6N7QQ8ACOT7N1PHGXUIS4","36872VQHZ42V7MBLIPXPIFK08KK9MC","Answer Survey About An Article","Give us your opinion about an article","survey, demographics, article","$0.40","Sat Dec 01 15:20:07 PST 2018","100","BatchId:3456603;OriginalHitTemplateId:920937340;","1500","86400","Tue Dec 04 15:20:07 PST 2018","","","3NQL1CS15R8CV22D03PH8WYZJOSVYZ","AUG9SHX7VWH7Z","Approved","Sat Dec 01 15:22:34 PST 2018","Sat Dec 01 15:28:26 PST 2018","Sun Dec 02 15:28:26 PST 2018","2018-12-02 23:29:13 UTC","","","352","100% (1/1)","100% (1/1)","100% (1/1)","90895"
"3MVY4USGB6N7QQ8ACOT7N1PHGXUIS4","36872VQHZ42V7MBLIPXPIFK08KK9MC","Answer Survey About An Article","Give us your opinion about an article","survey, demographics, article","$0.40","Sat Dec 01 15:20:07 PST 2018","100","BatchId:3456603;OriginalHitTemplateId:920937340;","1500","86400","Tue Dec 04 15:20:07 PST 2018","","","3NS0A6KXC48TIVMN7USEM24R239GZN","A23JA6ICO4BPQ5","Approved","Sat Dec 01 15:24:20 PST 2018","Sat Dec 01 15:28:31 PST 2018","Sun Dec 02 15:28:31 PST 2018","2018-12-02 23:29:13 UTC","","","251","100% (1/1)","100% (1/1)","100% (1/1)","31693"
"3MVY4USGB6N7QQ8ACOT7N1PHGXUIS4","36872VQHZ42V7MBLIPXPIFK08KK9MC","Answer Survey About An Article","Give us your opinion about an article","survey, demographics, article","$0.40","Sat Dec 01 15:20:07 PST 2018","100","BatchId:3456603;OriginalHitTemplateId:920937340;","1500","86400","Tue Dec 04 15:20:07 PST 2018","","","3OE22WJIGIO39LMR43YIZOTE682UQ6","A3DNL0YLOSIP66","Approved","Sat Dec 01 15:20:29 PST 2018","Sat Dec 01 15:22:50 PST 2018","Sun Dec 02 15:22:50 PST 2018","2018-12-02 23:23:13 UTC","","","141","100% (1/1)","100% (1/1)","100% (1/1)","58616"
"3MVY4USGB6N7QQ8ACOT7N1PHGXUIS4","36872VQHZ42V7MBLIPXPIFK08KK9MC","Answer Survey About An Article","Give us your opinion about an article","survey, demographics, article","$0.40","Sat Dec 01 15:20:07 PST 2018","100","BatchId:3456603;OriginalHitTemplateId:920937340;","1500","86400","Tue Dec 04 15:20:07 PST 2018","","","3OVHNO1VE61Q6BCW54R6GH1UPBSDZ9","A3RS7UCO7CQ74R","Approved","Sat Dec 01 15:20:37 PST 2018","Sat Dec 01 15:25:56 PST 2018","Sun Dec 02 15:25:56 PST 2018","2018-12-02 23:26:13 UTC","","","319","100% (1/1)","100% (1/1)","100% (1/1)","47217"
"3MVY4USGB6N7QQ8ACOT7N1PHGXUIS4","36872VQHZ42V7MBLIPXPIFK08KK9MC","Answer Survey About An Article","Give us your opinion about an article","survey, demographics, article","$0.40","Sat Dec 01 15:20:07 PST 2018","100","BatchId:3456603;OriginalHitTemplateId:920937340;","1500","86400","Tue Dec 04 15:20:07 PST 2018","","","3P529IW9KYL3Z69OH9VNW2THMF0LF9","A15J06TW4K70H1","Approved","Sat Dec 01 15:23:23 PST 2018","Sat Dec 01 15:31:49 PST 2018","Sun Dec 02 15:31:49 PST 2018","2018-12-02 23:32:13 UTC","","","506","100% (1/1)","100% (1/1)","100% (1/1)","24873"
"3MVY4USGB6N7QQ8ACOT7N1PHGXUIS4","36872VQHZ42V7MBLIPXPIFK08KK9MC","Answer Survey About An Article","Give us your opinion about an article","survey, demographics, article","$0.40","Sat Dec 01 15:20:07 PST 2018","100","BatchId:3456603;OriginalHitTemplateId:920937340;","1500","86400","Tue Dec 04 15:20:07 PST 2018","","","3PQMUDRV7R6LJW38XE4V7JEHL3YIIJ","AKX436C0G1LV8","Approved","Sat Dec 01 15:21:21 PST 2018","Sat Dec 01 15:23:58 PST 2018","Sun Dec 02 15:23:58 PST 2018","2018-12-02 23:24:13 UTC","","","157","100% (1/1)","100% (1/1)","100% (1/1)","46011"
"3MVY4USGB6N7QQ8ACOT7N1PHGXUIS4","36872VQHZ42V7MBLIPXPIFK08KK9MC","Answer Survey About An Article","Give us your opinion about an article","survey, demographics, article","$0.40","Sat Dec 01 15:20:07 PST 2018","100","BatchId:3456603;OriginalHitTemplateId:920937340;","1500","86400","Tue Dec 04 15:20:07 PST 2018","","","3R2PKQ87NW87FFTZIT2NZCLY2CIIMZ","A357QT5ROGC3K3","Approved","Sat Dec 01 15:21:35 PST 2018","Sat Dec 01 15:36:08 PST 2018","Sun Dec 02 15:36:08 PST 2018","2018-12-02 23:36:13 UTC","","","873","100% (1/1)","100% (1/1)","100% (1/1)","36272"
"3MVY4USGB6N7QQ8ACOT7N1PHGXUIS4","36872VQHZ42V7MBLIPXPIFK08KK9MC","Answer Survey About An Article","Give us your opinion about an article","survey, demographics, article","$0.40","Sat Dec 01 15:20:07 PST 2018","100","BatchId:3456603;OriginalHitTemplateId:920937340;","1500","86400","Tue Dec 04 15:20:07 PST 2018","","","3R5F3LQFV2KHA83LVD5MRBDTTPZZOS","A32XODQOC2CCDG","Approved","Sat Dec 01 15:24:07 PST 2018","Sat Dec 01 15:29:06 PST 2018","Sun Dec 02 15:29:06 PST 2018","2018-12-02 23:29:13 UTC","","","299","100% (1/1)","100% (1/1)","100% (1/1)","10607"
"3MVY4USGB6N7QQ8ACOT7N1PHGXUIS4","36872VQHZ42V7MBLIPXPIFK08KK9MC","Answer Survey About An Article","Give us your opinion about an article","survey, demographics, article","$0.40","Sat Dec 01 15:20:07 PST 2018","100","BatchId:3456603;OriginalHitTemplateId:920937340;","1500","86400","Tue Dec 04 15:20:07 PST 2018","","","3R8YZBNQ9HI1BAAVRV57PWFUYX4Q7Z","AOWW3URQNRJ6U","Approved","Sat Dec 01 15:21:40 PST 2018","Sat Dec 01 15:42:41 PST 2018","Sun Dec 02 15:42:41 PST 2018","2018-12-02 23:43:13 UTC","","","1261","100% (1/1)","100% (1/1)","100% (1/1)","95622"
"3MVY4USGB6N7QQ8ACOT7N1PHGXUIS4","36872VQHZ42V7MBLIPXPIFK08KK9MC","Answer Survey About An Article","Give us your opinion about an article","survey, demographics, article","$0.40","Sat Dec 01 15:20:07 PST 2018","100","BatchId:3456603;OriginalHitTemplateId:920937340;","1500","86400","Tue Dec 04 15:20:07 PST 2018","","","3R9WASFE2ZGN4VQSWAMW4H4F1O9FZN","A169QONL0QZ739","Approved","Sat Dec 01 15:27:24 PST 2018","Sat Dec 01 15:29:31 PST 2018","Sun Dec 02 15:29:31 PST 2018","2018-12-02 23:30:13 UTC","","","127","100% (1/1)","100% (1/1)","100% (1/1)","99209"
"3MVY4USGB6N7QQ8ACOT7N1PHGXUIS4","36872VQHZ42V7MBLIPXPIFK08KK9MC","Answer Survey About An Article","Give us your opinion about an article","survey, demographics, article","$0.40","Sat Dec 01 15:20:07 PST 2018","100","BatchId:3456603;OriginalHitTemplateId:920937340;","1500","86400","Tue Dec 04 15:20:07 PST 2018","","","3RRCEFRB7MCHOHQN6FAARV0LLVDB4O","A1ZOLH6MN0ZH9R","Approved","Sat Dec 01 15:31:10 PST 2018","Sat Dec 01 15:34:41 PST 2018","Sun Dec 02 15:34:41 PST 2018","2018-12-02 23:35:13 UTC","","","211","100% (1/1)","100% (1/1)","100% (1/1)","25865"
"3MVY4USGB6N7QQ8ACOT7N1PHGXUIS4","36872VQHZ42V7MBLIPXPIFK08KK9MC","Answer Survey About An Article","Give us your opinion about an article","survey, demographics, article","$0.40","Sat Dec 01 15:20:07 PST 2018","100","BatchId:3456603;OriginalHitTemplateId:920937340;","1500","86400","Tue Dec 04 15:20:07 PST 2018","","","3RWE2M8QWHA2Q2XJQ4SH6NA2L8BN09","A1CTUG0RUGCY48","Approved","Sat Dec 01 15:20:27 PST 2018","Sat Dec 01 15:24:16 PST 2018","Sun Dec 02 15:24:16 PST 2018","2018-12-02 23:25:13 UTC","","","229","100% (1/1)","100% (1/1)","100% (1/1)","46627"
"3MVY4USGB6N7QQ8ACOT7N1PHGXUIS4","36872VQHZ42V7MBLIPXPIFK08KK9MC","Answer Survey About An Article","Give us your opinion about an article","survey, demographics, article","$0.40","Sat Dec 01 15:20:07 PST 2018","100","BatchId:3456603;OriginalHitTemplateId:920937340;","1500","86400","Tue Dec 04 15:20:07 PST 2018","","","3RXPCZQMQPBWNZ1FZJJMU8KFPOW1GJ","AW957XOSCUL1R","Approved","Sat Dec 01 15:23:04 PST 2018","Sat Dec 01 15:25:51 PST 2018","Sun Dec 02 15:25:51 PST 2018","2018-12-02 23:26:13 UTC","","","167","100% (1/1)","100% (1/1)","100% (1/1)","37973"
"3MVY4USGB6N7QQ8ACOT7N1PHGXUIS4","36872VQHZ42V7MBLIPXPIFK08KK9MC","Answer Survey About An Article","Give us your opinion about an article","survey, demographics, article","$0.40","Sat Dec 01 15:20:07 PST 2018","100","BatchId:3456603;OriginalHitTemplateId:920937340;","1500","86400","Tue Dec 04 15:20:07 PST 2018","","","3S0TNUHWKTIBMFB9WERT3X4QQ2L8DZ","A2AAG78CGKX2U5","Approved","Sat Dec 01 15:20:46 PST 2018","Sat Dec 01 15:34:10 PST 2018","Sun Dec 02 15:34:10 PST 2018","2018-12-02 23:34:13 UTC","","","804","100% (2/2)","100% (2/2)","100% (2/2)","55731"
"3MVY4USGB6N7QQ8ACOT7N1PHGXUIS4","36872VQHZ42V7MBLIPXPIFK08KK9MC","Answer Survey About An Article","Give us your opinion about an article","survey, demographics, article","$0.40","Sat Dec 01 15:20:07 PST 2018","100","BatchId:3456603;OriginalHitTemplateId:920937340;","1500","86400","Tue Dec 04 15:20:07 PST 2018","","","3S96KQ6I9M4UKZ3XZC2OUT0D4F6TD9","A2VEITU0KQ65GU","Approved","Sat Dec 01 15:22:23 PST 2018","Sat Dec 01 15:25:33 PST 2018","Sun Dec 02 15:25:33 PST 2018","2018-12-02 23:26:13 UTC","","","190","100% (1/1)","100% (1/1)","100% (1/1)","93220"
"3MVY4USGB6N7QQ8ACOT7N1PHGXUIS4","36872VQHZ42V7MBLIPXPIFK08KK9MC","Answer Survey About An Article","Give us your opinion about an article","survey, demographics, article","$0.40","Sat Dec 01 15:20:07 PST 2018","100","BatchId:3456603;OriginalHitTemplateId:920937340;","1500","86400","Tue Dec 04 15:20:07 PST 2018","","","3SKRO2GZ71R1PLXYPA41S0C8W5D1KM","A2ELH7YDLFNJUZ","Approved","Sat Dec 01 15:23:08 PST 2018","Sat Dec 01 15:28:33 PST 2018","Sun Dec 02 15:28:33 PST 2018","2018-12-02 23:29:13 UTC","","","325","100% (1/1)","100% (1/1)","100% (1/1)","49150"
"3MVY4USGB6N7QQ8ACOT7N1PHGXUIS4","36872VQHZ42V7MBLIPXPIFK08KK9MC","Answer Survey About An Article","Give us your opinion about an article","survey, demographics, article","$0.40","Sat Dec 01 15:20:07 PST 2018","100","BatchId:3456603;OriginalHitTemplateId:920937340;","1500","86400","Tue Dec 04 15:20:07 PST 2018","","","3SNVL38CI4SLCO7W57TL9WVZ023KCU","A1K4KR1GQYCIWA","Approved","Sat Dec 01 15:20:28 PST 2018","Sat Dec 01 15:33:54 PST 2018","Sun Dec 02 15:33:54 PST 2018","2018-12-02 23:34:13 UTC","","","806","100% (1/1)","100% (1/1)","100% (1/1)","35161"
"3MVY4USGB6N7QQ8ACOT7N1PHGXUIS4","36872VQHZ42V7MBLIPXPIFK08KK9MC","Answer Survey About An Article","Give us your opinion about an article","survey, demographics, article","$0.40","Sat Dec 01 15:20:07 PST 2018","100","BatchId:3456603;OriginalHitTemplateId:920937340;","1500","86400","Tue Dec 04 15:20:07 PST 2018","","","3SPJ03342133472JJEBY58N5O1LYJH","A30GJ0HHLO16E8","Approved","Sat Dec 01 15:22:25 PST 2018","Sat Dec 01 15:26:53 PST 2018","Sun Dec 02 15:26:53 PST 2018","2018-12-02 23:27:13 UTC","","","268","100% (1/1)","100% (1/1)","100% (1/1)","27844"
"3MVY4USGB6N7QQ8ACOT7N1PHGXUIS4","36872VQHZ42V7MBLIPXPIFK08KK9MC","Answer Survey About An Article","Give us your opinion about an article","survey, demographics, article","$0.40","Sat Dec 01 15:20:07 PST 2018","100","BatchId:3456603;OriginalHitTemplateId:920937340;","1500","86400","Tue Dec 04 15:20:07 PST 2018","","","3TAYZSBPLL862PS2DNDHO5DN553S2A","A16ZGR7FK4M784","Approved","Sat Dec 01 15:20:42 PST 2018","Sat Dec 01 15:22:18 PST 2018","Sun Dec 02 15:22:18 PST 2018","2018-12-02 23:23:13 UTC","","","96","100% (1/1)","100% (1/1)","100% (1/1)","83816"
"3MVY4USGB6N7QQ8ACOT7N1PHGXUIS4","36872VQHZ42V7MBLIPXPIFK08KK9MC","Answer Survey About An Article","Give us your opinion about an article","survey, demographics, article","$0.40","Sat Dec 01 15:20:07 PST 2018","100","BatchId:3456603;OriginalHitTemplateId:920937340;","1500","86400","Tue Dec 04 15:20:07 PST 2018","","","3TEM0PF1Q5XT4Q661AEEAIY874A0D5","A3P57IUDHUKNCE","Approved","Sat Dec 01 15:21:00 PST 2018","Sat Dec 01 15:27:01 PST 2018","Sun Dec 02 15:27:01 PST 2018","2018-12-02 23:27:13 UTC","","","361","100% (1/1)","100% (1/1)","100% (1/1)","79651"
"3MVY4USGB6N7QQ8ACOT7N1PHGXUIS4","36872VQHZ42V7MBLIPXPIFK08KK9MC","Answer Survey About An Article","Give us your opinion about an article","survey, demographics, article","$0.40","Sat Dec 01 15:20:07 PST 2018","100","BatchId:3456603;OriginalHitTemplateId:920937340;","1500","86400","Tue Dec 04 15:20:07 PST 2018","","","3TEM0PF1Q5XT4Q661AEEAIY874ED0M","AEASOIPE6YBHK","Approved","Sat Dec 01 15:55:40 PST 2018","Sat Dec 01 15:59:37 PST 2018","Sun Dec 02 15:59:37 PST 2018","2018-12-03 00:00:13 UTC","","","237","100% (1/1)","100% (1/1)","100% (1/1)","44976"
"3MVY4USGB6N7QQ8ACOT7N1PHGXUIS4","36872VQHZ42V7MBLIPXPIFK08KK9MC","Answer Survey About An Article","Give us your opinion about an article","survey, demographics, article","$0.40","Sat Dec 01 15:20:07 PST 2018","100","BatchId:3456603;OriginalHitTemplateId:920937340;","1500","86400","Tue Dec 04 15:20:07 PST 2018","","","3TGOYF991XMV1ET8LCIN9PQ39T8UUB","A2R89RXGEVG05I","Approved","Sat Dec 01 15:20:36 PST 2018","Sat Dec 01 15:26:07 PST 2018","Sun Dec 02 15:26:07 PST 2018","2018-12-02 23:26:13 UTC","","","331","100% (1/1)","100% (1/1)","100% (1/1)","61280"
"3MVY4USGB6N7QQ8ACOT7N1PHGXUIS4","36872VQHZ42V7MBLIPXPIFK08KK9MC","Answer Survey About An Article","Give us your opinion about an article","survey, demographics, article","$0.40","Sat Dec 01 15:20:07 PST 2018","100","BatchId:3456603;OriginalHitTemplateId:920937340;","1500","86400","Tue Dec 04 15:20:07 PST 2018","","","3TK8OJTYM1LIMOAC9GTYV55NFJPVP5","A3BJ0H1UZ7YQL0","Approved","Sat Dec 01 15:22:15 PST 2018","Sat Dec 01 15:30:05 PST 2018","Sun Dec 02 15:30:05 PST 2018","2018-12-02 23:30:13 UTC","","","470","100% (1/1)","100% (1/1)","100% (1/1)","48913"
"3MVY4USGB6N7QQ8ACOT7N1PHGXUIS4","36872VQHZ42V7MBLIPXPIFK08KK9MC","Answer Survey About An Article","Give us your opinion about an article","survey, demographics, article","$0.40","Sat Dec 01 15:20:07 PST 2018","100","BatchId:3456603;OriginalHitTemplateId:920937340;","1500","86400","Tue Dec 04 15:20:07 PST 2018","","","3TMFV4NEP8EAVLB0D9WJVLTBXIRW8W","A1UG1JLT123K32","Approved","Sat Dec 01 15:22:51 PST 2018","Sat Dec 01 15:29:13 PST 2018","Sun Dec 02 15:29:13 PST 2018","2018-12-02 23:30:13 UTC","","","382","100% (1/1)","100% (1/1)","100% (1/1)","85767"
"3MVY4USGB6N7QQ8ACOT7N1PHGXUIS4","36872VQHZ42V7MBLIPXPIFK08KK9MC","Answer Survey About An Article","Give us your opinion about an article","survey, demographics, article","$0.40","Sat Dec 01 15:20:07 PST 2018","100","BatchId:3456603;OriginalHitTemplateId:920937340;","1500","86400","Tue Dec 04 15:20:07 PST 2018","","","3TMSXRD2X60SKLRFEON4GB63JCP1WL","ATWAJESPOXKOF","Approved","Sat Dec 01 15:46:16 PST 2018","Sat Dec 01 16:06:55 PST 2018","Sun Dec 02 16:06:55 PST 2018","2018-12-03 00:07:13 UTC","","","1239","100% (1/1)","100% (1/1)","100% (1/1)","71617"
"3MVY4USGB6N7QQ8ACOT7N1PHGXUIS4","36872VQHZ42V7MBLIPXPIFK08KK9MC","Answer Survey About An Article","Give us your opinion about an article","survey, demographics, article","$0.40","Sat Dec 01 15:20:07 PST 2018","100","BatchId:3456603;OriginalHitTemplateId:920937340;","1500","86400","Tue Dec 04 15:20:07 PST 2018","","","3U8YCDAGXPGNTZAB6WKYAH57QJYQ0Z","A1TYMXIYUUUL6F","Approved","Sat Dec 01 15:21:31 PST 2018","Sat Dec 01 15:22:54 PST 2018","Sun Dec 02 15:22:54 PST 2018","2018-12-02 23:23:13 UTC","","","83","100% (1/1)","100% (1/1)","100% (1/1)","53874"
"3MVY4USGB6N7QQ8ACOT7N1PHGXUIS4","36872VQHZ42V7MBLIPXPIFK08KK9MC","Answer Survey About An Article","Give us your opinion about an article","survey, demographics, article","$0.40","Sat Dec 01 15:20:07 PST 2018","100","BatchId:3456603;OriginalHitTemplateId:920937340;","1500","86400","Tue Dec 04 15:20:07 PST 2018","","","3VA45EW49NNKFCIDN2WUZHTHGAMO1S","A31K4ASJODLAFM","Approved","Sat Dec 01 15:21:28 PST 2018","Sat Dec 01 15:27:15 PST 2018","Sun Dec 02 15:27:15 PST 2018","2018-12-02 23:28:13 UTC","","","347","100% (1/1)","100% (1/1)","100% (1/1)","56623"
"3MVY4USGB6N7QQ8ACOT7N1PHGXUIS4","36872VQHZ42V7MBLIPXPIFK08KK9MC","Answer Survey About An Article","Give us your opinion about an article","survey, demographics, article","$0.40","Sat Dec 01 15:20:07 PST 2018","100","BatchId:3456603;OriginalHitTemplateId:920937340;","1500","86400","Tue Dec 04 15:20:07 PST 2018","","","3VE8AYVF8MX8KZP5NKMJRX7B2F18FA","A323GGQJ8EG2QH","Approved","Sat Dec 01 15:20:48 PST 2018","Sat Dec 01 15:25:55 PST 2018","Sun Dec 02 15:25:55 PST 2018","2018-12-02 23:26:13 UTC","","","307","100% (1/1)","100% (1/1)","100% (1/1)","52953"
"3MVY4USGB6N7QQ8ACOT7N1PHGXUIS4","36872VQHZ42V7MBLIPXPIFK08KK9MC","Answer Survey About An Article","Give us your opinion about an article","survey, demographics, article","$0.40","Sat Dec 01 15:20:07 PST 2018","100","BatchId:3456603;OriginalHitTemplateId:920937340;","1500","86400","Tue Dec 04 15:20:07 PST 2018","","","3VJ40NV2QINLOWUMPLG45NCC8TDOT1","A7GV4MV5DF3HL","Approved","Sat Dec 01 15:22:39 PST 2018","Sat Dec 01 15:32:03 PST 2018","Sun Dec 02 15:32:03 PST 2018","2018-12-02 23:32:13 UTC","","","564","100% (1/1)","100% (1/1)","100% (1/1)","53934"
"3MVY4USGB6N7QQ8ACOT7N1PHGXUIS4","36872VQHZ42V7MBLIPXPIFK08KK9MC","Answer Survey About An Article","Give us your opinion about an article","survey, demographics, article","$0.40","Sat Dec 01 15:20:07 PST 2018","100","BatchId:3456603;OriginalHitTemplateId:920937340;","1500","86400","Tue Dec 04 15:20:07 PST 2018","","","3VW6495TLJ0TZWXI5EC1FV2T15UYYB","AUT1MH3OQ6T1","Approved","Sat Dec 01 15:23:18 PST 2018","Sat Dec 01 15:26:57 PST 2018","Sun Dec 02 15:26:57 PST 2018","2018-12-02 23:27:13 UTC","","","219","100% (1/1)","100% (1/1)","100% (1/1)","79783"
"3MVY4USGB6N7QQ8ACOT7N1PHGXUIS4","36872VQHZ42V7MBLIPXPIFK08KK9MC","Answer Survey About An Article","Give us your opinion about an article","survey, demographics, article","$0.40","Sat Dec 01 15:20:07 PST 2018","100","BatchId:3456603;OriginalHitTemplateId:920937340;","1500","86400","Tue Dec 04 15:20:07 PST 2018","","","3WI0P0II61SH4KQ5VNXTUEZVGU9DRG","AD5PG2OAEDLK5","Approved","Sat Dec 01 15:20:23 PST 2018","Sat Dec 01 15:22:44 PST 2018","Sun Dec 02 15:22:44 PST 2018","2018-12-02 23:23:13 UTC","","","141","100% (1/1)","100% (1/1)","100% (1/1)","80103"
"3MVY4USGB6N7QQ8ACOT7N1PHGXUIS4","36872VQHZ42V7MBLIPXPIFK08KK9MC","Answer Survey About An Article","Give us your opinion about an article","survey, demographics, article","$0.40","Sat Dec 01 15:20:07 PST 2018","100","BatchId:3456603;OriginalHitTemplateId:920937340;","1500","86400","Tue Dec 04 15:20:07 PST 2018","","","3WQQ9FUS6AUI7IDPII0N87GQNH98BS","A1YSYI926BBOHW","Approved","Sat Dec 01 15:20:59 PST 2018","Sat Dec 01 15:25:21 PST 2018","Sun Dec 02 15:25:21 PST 2018","2018-12-02 23:26:13 UTC","","","262","100% (1/1)","100% (1/1)","100% (1/1)","87541"
"3MVY4USGB6N7QQ8ACOT7N1PHGXUIS4","36872VQHZ42V7MBLIPXPIFK08KK9MC","Answer Survey About An Article","Give us your opinion about an article","survey, demographics, article","$0.40","Sat Dec 01 15:20:07 PST 2018","100","BatchId:3456603;OriginalHitTemplateId:920937340;","1500","86400","Tue Dec 04 15:20:07 PST 2018","","","3X73LLYYQ1ED123FOCZ2CF9J7PDNHB","A1KRO0JWU6LT0I","Approved","Sat Dec 01 15:20:48 PST 2018","Sat Dec 01 15:26:14 PST 2018","Sun Dec 02 15:26:14 PST 2018","2018-12-02 23:27:13 UTC","","","326","100% (1/1)","100% (1/1)","100% (1/1)","86667"
"3MVY4USGB6N7QQ8ACOT7N1PHGXUIS4","36872VQHZ42V7MBLIPXPIFK08KK9MC","Answer Survey About An Article","Give us your opinion about an article","survey, demographics, article","$0.40","Sat Dec 01 15:20:07 PST 2018","100","BatchId:3456603;OriginalHitTemplateId:920937340;","1500","86400","Tue Dec 04 15:20:07 PST 2018","","","3YDGXNSEOZUYMJSG33Q00TAKDPT48J","A2Q08X1FDFVJ3Q","Approved","Sat Dec 01 15:23:25 PST 2018","Sat Dec 01 15:25:46 PST 2018","Sun Dec 02 15:25:46 PST 2018","2018-12-02 23:26:13 UTC","","","141","100% (1/1)","100% (1/1)","100% (1/1)","85829"
"3MVY4USGB6N7QQ8ACOT7N1PHGXUIS4","36872VQHZ42V7MBLIPXPIFK08KK9MC","Answer Survey About An Article","Give us your opinion about an article","survey, demographics, article","$0.40","Sat Dec 01 15:20:07 PST 2018","100","BatchId:3456603;OriginalHitTemplateId:920937340;","1500","86400","Tue Dec 04 15:20:07 PST 2018","","","3YDTZAI2WXGGBJ8V4IHLLJNCZJN14W","A17HFOEVBHIPQ2","Approved","Sat Dec 01 15:22:11 PST 2018","Sat Dec 01 15:28:46 PST 2018","Sun Dec 02 15:28:46 PST 2018","2018-12-02 23:29:13 UTC","","","395","100% (1/1)","100% (1/1)","100% (1/1)","30820"
"3MVY4USGB6N7QQ8ACOT7N1PHGXUIS4","36872VQHZ42V7MBLIPXPIFK08KK9MC","Answer Survey About An Article","Give us your opinion about an article","survey, demographics, article","$0.40","Sat Dec 01 15:20:07 PST 2018","100","BatchId:3456603;OriginalHitTemplateId:920937340;","1500","86400","Tue Dec 04 15:20:07 PST 2018","","","3YDTZAI2WXGGBJ8V4IHLLJNCZJN41Z","API17TMVQ2J7Z","Approved","Sat Dec 01 15:23:05 PST 2018","Sat Dec 01 15:25:16 PST 2018","Sun Dec 02 15:25:16 PST 2018","2018-12-02 23:26:13 UTC","","","131","100% (1/1)","100% (1/1)","100% (1/1)","24731"
"3MVY4USGB6N7QQ8ACOT7N1PHGXUIS4","36872VQHZ42V7MBLIPXPIFK08KK9MC","Answer Survey About An Article","Give us your opinion about an article","survey, demographics, article","$0.40","Sat Dec 01 15:20:07 PST 2018","100","BatchId:3456603;OriginalHitTemplateId:920937340;","1500","86400","Tue Dec 04 15:20:07 PST 2018","","","3YDTZAI2WXGGBJ8V4IHLLJNCZKS143","A2Q1JUSJ9THUDZ","Approved","Sat Dec 01 15:59:03 PST 2018","Sat Dec 01 16:04:18 PST 2018","Sun Dec 02 16:04:18 PST 2018","2018-12-03 00:05:13 UTC","","","315","100% (1/1)","100% (1/1)","100% (1/1)","93565"
"3MVY4USGB6N7QQ8ACOT7N1PHGXUIS4","36872VQHZ42V7MBLIPXPIFK08KK9MC","Answer Survey About An Article","Give us your opinion about an article","survey, demographics, article","$0.40","Sat Dec 01 15:20:07 PST 2018","100","BatchId:3456603;OriginalHitTemplateId:920937340;","1500","86400","Tue Dec 04 15:20:07 PST 2018","","","3YMU66OBIN87RAMT18M7MV0M6DRGHW","A1DY7YBIFS500B","Approved","Sat Dec 01 15:20:38 PST 2018","Sat Dec 01 15:21:51 PST 2018","Sun Dec 02 15:21:51 PST 2018","2018-12-02 23:22:13 UTC","","","73","100% (1/1)","100% (1/1)","100% (1/1)","75580"
"3MVY4USGB6N7QQ8ACOT7N1PHGXUIS4","36872VQHZ42V7MBLIPXPIFK08KK9MC","Answer Survey About An Article","Give us your opinion about an article","survey, demographics, article","$0.40","Sat Dec 01 15:20:07 PST 2018","100","BatchId:3456603;OriginalHitTemplateId:920937340;","1500","86400","Tue Dec 04 15:20:07 PST 2018","","","3ZGVPD4G6THXN08TRURLLLJGSXGTZ8","A2WXVB5AFTDXSI","Approved","Sat Dec 01 15:23:08 PST 2018","Sat Dec 01 15:30:11 PST 2018","Sun Dec 02 15:30:11 PST 2018","2018-12-02 23:30:13 UTC","","","423","100% (1/1)","100% (1/1)","100% (1/1)","35245"
"3MVY4USGB6N7QQ8ACOT7N1PHGXUIS4","36872VQHZ42V7MBLIPXPIFK08KK9MC","Answer Survey About An Article","Give us your opinion about an article","survey, demographics, article","$0.40","Sat Dec 01 15:20:07 PST 2018","100","BatchId:3456603;OriginalHitTemplateId:920937340;","1500","86400","Tue Dec 04 15:20:07 PST 2018","","","3ZV9H2YQQD7OUO5U1S1N44L0HWZW34","AK47FLPTKZR5G","Approved","Sat Dec 01 15:22:44 PST 2018","Sat Dec 01 15:29:12 PST 2018","Sun Dec 02 15:29:12 PST 2018","2018-12-02 23:29:13 UTC","","","388","100% (1/1)","100% (1/1)","100% (1/1)","30168"